year,cumulative,abs
1940,429,429
1950,431,2
1960,433,2
1970,443,10
1980,524,81
1990,583,59
2000,1143,560
2010,4615,3472
2020,4984,369